#generators
10 -73.33527827089605 0.0 42.13438122370435
2 -71.77409498853159 0.0 44.798303675590574
3 -71.56134958680202 0.0 44.88533588538903
4 -71.42113102657117 0.0 44.80313879835715
5 -70.15432886172697 0.0 43.26556975858441
6 -69.95125370553056 0.0 43.420293687115
7 -69.6127951118699 0.0 43.599193229478495
8 -69.53019520154022 0.0 41.923443135803524
9 -72.84901909264673 0.0 42.18765589421056
1 -73.07776580835639 0.0 42.38121080750335
#loads
3 -72.31234410578944 0.0 43.41057102819683
4 -72.15513518572095 0.0 43.4799736488396
7 -73.19970399750079 0.0 43.746317887699796
8 -73.3744924042528 0.0 43.72967137277104
15 -71.55830052909484 0.0 43.693022380668005
16 -70.87534550710053 0.0 43.39884042739121
18 -72.06600148887134 0.0 43.56013618846853
20 -70.73185815931176 0.0 43.72967137277104
21 -70.64073349098807 0.0 43.63051979330228
23 -70.59868603988166 0.0 43.78377254628951
24 -70.73164564723164 0.0 43.47215668242635
25 -72.81382729022985 0.0 42.6040922228102
26 -70.74630889823868 0.0 43.07918155543796
27 -70.74337624803726 0.0 43.25220791732091
28 -70.15977885795749 0.0 42.917885794360636
29 -70.02487694869282 0.0 42.76832063408893
31 -72.86677369892554 0.0 43.75047951643199
39 -72.92233534768187 0.0 42.50144946576099
#nodes
1 -72.61756 0.0 43.46714
2 -72.57636 0.0 43.1804
3 -72.63953 0.0 43.94661
4 -72.64227 0.0 44.23482
5 -72.75763 0.0 44.1202
6 -72.88947 0.0 44.55137
7 -73.29596 0.0 44.64173
8 -73.46076 0.0 44.4259
9 -73.08447 0.0 44.44617
10 -72.12582 0.0 44.6541
11 -72.45551 0.0 44.42562
12 -72.1836 0.0 44.21638
13 -71.91443 0.0 44.40303
14 -72.21106 0.0 44.26351
15 -71.56836 0.0 43.8126
16 -71.52991 0.0 43.63738
17 -71.77985 0.0 43.61048
18 -72.12042 0.0 43.87527
19 -71.44477 0.0 44.15907
20 -71.10419 0.0 44.22253
21 -71.17011 0.0 43.7491
22 -70.83502 0.0 44.16111
23 -70.55487 0.0 44.21843
24 -71.14989 0.0 43.62521
25 -72.30719 0.0 43.14617
26 -71.46399 0.0 43.22676
27 -71.36237 0.0 43.3923
28 -70.64551 0.0 42.72877
29 -70.456 0.0 42.49525
30 -73.79277 0.0 43.29411
31 -72.92926 0.0 44.69006
32 -72.434484 0.0 44.93523
33 -71.42669 0.0 44.33605
34 -70.83022 0.0 44.54647
35 -70.59865 0.0 44.25994
36 -70.29983 0.0 44.29979
37 -69.66182 0.0 41.99538
38 -72.45122 0.0 42.8054
39 -72.88541 0.0 43.13054
#curves
1 2 0 -72.61756 0.0 43.46714
1 2 1 -72.59696 0.0 43.323769999999996
1 2 2 -72.57636 0.0 43.1804
1 39 0 -72.61756 0.0 43.46714
1 39 1 -72.751485 0.0 43.29884
1 39 2 -72.88541 0.0 43.13054
2 3 0 -72.57636 0.0 43.1804
2 3 1 -72.607945 0.0 43.563505
2 3 2 -72.63953 0.0 43.94661
2 25 0 -72.57636 0.0 43.1804
2 25 1 -72.441775 0.0 43.163285
2 25 2 -72.30719 0.0 43.14617
2 30 0 -72.57636 0.0 43.1804
2 30 1 -73.18456499999999 0.0 43.237255000000005
2 30 2 -73.79277 0.0 43.29411
3 4 0 -72.63953 0.0 43.94661
3 4 1 -72.64089999999999 0.0 44.090715
3 4 2 -72.64227 0.0 44.23482
3 18 0 -72.63953 0.0 43.94661
3 18 1 -72.379975 0.0 43.910940000000004
3 18 2 -72.12042 0.0 43.87527
4 5 0 -72.64227 0.0 44.23482
4 5 1 -72.69995 0.0 44.17751
4 5 2 -72.75763 0.0 44.1202
4 14 0 -72.64227 0.0 44.23482
4 14 1 -72.426665 0.0 44.249165
4 14 2 -72.21106 0.0 44.26351
5 6 0 -72.75763 0.0 44.1202
5 6 1 -72.82355000000001 0.0 44.335785
5 6 2 -72.88947 0.0 44.55137
5 8 0 -72.75763 0.0 44.1202
5 8 1 -73.109195 0.0 44.27305
5 8 2 -73.46076 0.0 44.4259
6 7 0 -72.88947 0.0 44.55137
6 7 1 -73.092715 0.0 44.59655
6 7 2 -73.29596 0.0 44.64173
6 11 0 -72.88947 0.0 44.55137
6 11 1 -72.67249000000001 0.0 44.488495
6 11 2 -72.45551 0.0 44.42562
6 31 0 -72.88947 0.0 44.55137
6 31 1 -72.90936500000001 0.0 44.620715000000004
6 31 2 -72.92926 0.0 44.69006
7 8 0 -73.29596 0.0 44.64173
7 8 1 -73.37835999999999 0.0 44.533815000000004
7 8 2 -73.46076 0.0 44.4259
8 9 0 -73.46076 0.0 44.4259
8 9 1 -73.272615 0.0 44.436035000000004
8 9 2 -73.08447 0.0 44.44617
9 39 0 -73.08447 0.0 44.44617
9 39 1 -72.98494 0.0 43.788355
9 39 2 -72.88541 0.0 43.13054
10 11 0 -72.12582 0.0 44.6541
10 11 1 -72.290665 0.0 44.539860000000004
10 11 2 -72.45551 0.0 44.42562
10 13 0 -72.12582 0.0 44.6541
10 13 1 -72.02012500000001 0.0 44.528565
10 13 2 -71.91443 0.0 44.40303
10 32 0 -72.12582 0.0 44.6541
10 32 1 -72.280152 0.0 44.794664999999995
10 32 2 -72.434484 0.0 44.93523
12 11 0 -72.1836 0.0 44.21638
12 11 1 -72.31955500000001 0.0 44.321
12 11 2 -72.45551 0.0 44.42562
12 13 0 -72.1836 0.0 44.21638
12 13 1 -72.049015 0.0 44.309705
12 13 2 -71.91443 0.0 44.40303
13 14 0 -71.91443 0.0 44.40303
13 14 1 -72.062745 0.0 44.33327
13 14 2 -72.21106 0.0 44.26351
14 15 0 -72.21106 0.0 44.26351
14 15 1 -71.88971000000001 0.0 44.038055
14 15 2 -71.56836 0.0 43.8126
15 16 0 -71.56836 0.0 43.8126
15 16 1 -71.549135 0.0 43.724990000000005
15 16 2 -71.52991 0.0 43.63738
16 17 0 -71.52991 0.0 43.63738
16 17 1 -71.65487999999999 0.0 43.62393
16 17 2 -71.77985 0.0 43.61048
16 19 0 -71.52991 0.0 43.63738
16 19 1 -71.48734 0.0 43.898225
16 19 2 -71.44477 0.0 44.15907
16 21 0 -71.52991 0.0 43.63738
16 21 1 -71.35001 0.0 43.693239999999996
16 21 2 -71.17011 0.0 43.7491
16 24 0 -71.52991 0.0 43.63738
16 24 1 -71.3399 0.0 43.631295
16 24 2 -71.14989 0.0 43.62521
17 18 0 -71.77985 0.0 43.61048
17 18 1 -71.95013499999999 0.0 43.742875
17 18 2 -72.12042 0.0 43.87527
17 27 0 -71.77985 0.0 43.61048
17 27 1 -71.57111 0.0 43.50139
17 27 2 -71.36237 0.0 43.3923
19 20 0 -71.44477 0.0 44.15907
19 20 1 -71.27448000000001 0.0 44.190799999999996
19 20 2 -71.10419 0.0 44.22253
19 33 0 -71.44477 0.0 44.15907
19 33 1 -71.43573 0.0 44.24756
19 33 2 -71.42669 0.0 44.33605
20 34 0 -71.10419 0.0 44.22253
20 34 1 -70.967205 0.0 44.3845
20 34 2 -70.83022 0.0 44.54647
21 22 0 -71.17011 0.0 43.7491
21 22 1 -71.002565 0.0 43.955105
21 22 2 -70.83502 0.0 44.16111
22 23 0 -70.83502 0.0 44.16111
22 23 1 -70.69494499999999 0.0 44.189769999999996
22 23 2 -70.55487 0.0 44.21843
22 35 0 -70.83502 0.0 44.16111
22 35 1 -70.716835 0.0 44.210525000000004
22 35 2 -70.59865 0.0 44.25994
23 24 0 -70.55487 0.0 44.21843
23 24 1 -70.85238 0.0 43.92182
23 24 2 -71.14989 0.0 43.62521
23 36 0 -70.55487 0.0 44.21843
23 36 1 -70.42734999999999 0.0 44.25911
23 36 2 -70.29983 0.0 44.29979
25 26 0 -72.30719 0.0 43.14617
25 26 1 -71.88559000000001 0.0 43.186465
25 26 2 -71.46399 0.0 43.22676
25 37 0 -72.30719 0.0 43.14617
25 37 1 -70.98450500000001 0.0 42.570775
25 37 2 -69.66182 0.0 41.99538
26 27 0 -71.46399 0.0 43.22676
26 27 1 -71.41318 0.0 43.309529999999995
26 27 2 -71.36237 0.0 43.3923
26 28 0 -71.46399 0.0 43.22676
26 28 1 -71.05475 0.0 42.977765
26 28 2 -70.64551 0.0 42.72877
26 29 0 -71.46399 0.0 43.22676
26 29 1 -70.95999499999999 0.0 42.861005
26 29 2 -70.456 0.0 42.49525
28 29 0 -70.64551 0.0 42.72877
28 29 1 -70.55075500000001 0.0 42.61201
28 29 2 -70.456 0.0 42.49525
29 38 0 -70.456 0.0 42.49525
29 38 1 -70.0739249251877 0.0 42.478186165807315
29 38 2 -70.81937325974867 0.0 42.092497679664895
29 38 3 -71.51296431886193 0.0 42.38419485405832
29 38 4 -71.3703568113807 0.0 42.16056035369003
29 38 5 -71.74956313809216 0.0 42.196212230560334
29 38 6 -72.09635866764879 0.0 42.91249084768197
29 38 7 -72.27461805200032 0.0 42.41012349178218
29 38 8 -72.45122 0.0 42.8054
#middles
1 2 -72.59696 0.0 43.323769999999996
1 39 -72.751485 0.0 43.29884
2 3 -72.607945 0.0 43.563505
2 25 -72.441775 0.0 43.163285
2 30 -73.18456499999999 0.0 43.237255000000005
3 4 -72.64089999999999 0.0 44.090715
3 18 -72.379975 0.0 43.91094
4 5 -72.69995 0.0 44.17751
4 14 -72.426665 0.0 44.249165
5 6 -72.82355000000001 0.0 44.335785
5 8 -73.109195 0.0 44.27305
6 7 -73.092715 0.0 44.59655
6 11 -72.67249000000001 0.0 44.488495
6 31 -72.90936500000001 0.0 44.620715000000004
7 8 -73.37835999999999 0.0 44.533815000000004
8 9 -73.272615 0.0 44.436035000000004
9 39 -72.98494 0.0 43.788355
10 11 -72.290665 0.0 44.539860000000004
10 13 -72.02012500000001 0.0 44.528565
10 32 -72.280152 0.0 44.794664999999995
12 11 -72.31955500000001 0.0 44.321
12 13 -72.049015 0.0 44.309705
13 14 -72.062745 0.0 44.33327
14 15 -71.88971000000001 0.0 44.038055
15 16 -71.549135 0.0 43.724990000000005
16 17 -71.65487999999999 0.0 43.62393
16 19 -71.48734 0.0 43.898225
16 21 -71.35001 0.0 43.69324
16 24 -71.3399 0.0 43.631295
17 18 -71.95013499999999 0.0 43.742875
17 27 -71.57111 0.0 43.50139
19 20 -71.27448000000001 0.0 44.190799999999996
19 33 -71.43573 0.0 44.24756
20 34 -70.967205 0.0 44.3845
21 22 -71.002565 0.0 43.955105
22 23 -70.69494499999999 0.0 44.189769999999996
22 35 -70.716835 0.0 44.210525000000004
23 24 -70.85238 0.0 43.92182
23 36 -70.42734999999999 0.0 44.25911
25 26 -71.88559000000001 0.0 43.186465
25 37 -70.98450500000001 0.0 42.570775
26 27 -71.41318 0.0 43.309529999999995
26 28 -71.05475 0.0 42.977765
26 29 -70.95999499999999 0.0 42.861005
28 29 -70.55075500000001 0.0 42.61201
29 38 -71.32110833771424 0.0 42.41933526012163
